Simulated observations
[   (356, 192),
    (356, 217),
    (358, 182),
    (358, 210),
    (359, 169),
    (359, 235),
    (359, 246),
    (359, 257),
    (361, 294),
    (361, 302),
    (361, 309),
    (361, 316),
    (361, 322),
    (362, 271),
    (362, 280),
    (362, 287),
    (363, 331),
    (364, 338),
    (364, 344),
    (364, 349),
    (364, 354),
    (364, 359),
    (364, 373),
    (364, 378),
    (364, 382),
    (364, 386),
    (364, 394),
    (364, 398),
    (364, 401),
    (364, 405),
    (364, 408),
    (364, 694),
    (364, 726),
    (364, 736),
    (364, 780),
    (364, 791),
    (364, 805),
    (365, 365),
    (365, 370),
    (365, 390),
    (365, 412),
    (365, 419),
    (365, 685),
    (365, 701),
    (365, 708),
    (365, 715),
    (365, 743),
    (365, 818),
    (365, 852),
    (365, 915),
    (366, 516),
    (366, 531),
    (366, 649),
    (366, 654),
    (366, 659),
    (366, 833),
    (366, 889),
    (367, 446),
    (367, 498),
    (367, 500),
    (367, 502),
    (367, 505),
    (367, 507),
    (367, 509),
    (367, 512),
    (367, 514),
    (367, 608),
    (367, 611),
    (367, 615),
    (367, 620),
    (367, 624),
    (367, 629),
    (367, 633),
    (367, 637),
    (367, 643),
    (367, 664),
    (367, 670),
    (367, 676),
    (367, 750),
    (367, 760),
    (367, 865),
    (369, 445),
    (371, 443),
    (373, 441),
    (375, 439),
    (377, 437),
    (378, 435),
    (379, 523),
    (380, 434),
    (380, 920),
    (381, 431),
    (385, 520),
    (387, 921),
    (388, 518),
    (395, 922),
    (402, 925),
    (410, 924),
    (418, 924),
    (425, 925),
    (433, 926),
    (440, 927),
    (447, 928),
    (455, 928),
    (462, 929),
    (470, 930),
    (477, 931),
    (485, 932),
    (486, 458),
    (486, 458),
    (487, 458),
    (488, 458),
    (489, 459),
    (490, 458),
    (491, 459),
    (491, 459),
    (492, 459),
    (493, 459),
    (494, 460),
    (494, 460),
    (495, 460),
    (496, 461),
    (497, 461),
    (497, 461),
    (498, 461),
    (499, 461),
    (499, 461),
    (500, 461),
    (501, 460),
    (501, 460),
    (502, 460),
    (503, 460),
    (503, 460),
    (504, 460),
    (505, 460),
    (506, 460),
    (506, 461),
    (507, 461),
    (508, 461),
    (508, 461),
    (509, 463),
    (509, 463),
    (510, 461),
    (511, 461),
    (512, 461),
    (513, 461),
    (513, 461),
    (514, 462),
    (515, 462),
    (515, 464),
    (515, 464),
    (516, 464),
    (517, 464),
    (518, 464),
    (518, 464),
    (519, 464),
    (520, 464),
    (520, 464),
    (522, 463),
    (523, 463),
    (524, 463),
    (525, 463),
    (526, 463),
    (527, 463),
    (528, 463),
    (582, 415),
    (583, 417),
    (586, 417),
    (588, 417),
    (592, 417),
    (595, 417),
    (599, 417),
    (603, 417),
    (606, 417),
    (610, 417),
    (612, 418),
    (617, 418),
    (621, 418),
    (628, 417),
    (632, 427),
    (633, 429),
    (633, 432),
    (635, 434),
    (636, 437),
    (637, 414),
    (637, 439),
    (638, 441),
    (639, 444),
    (640, 446),
    (642, 448),
    (646, 923),
    (654, 923),
    (655, 692),
    (660, 691),
    (662, 923),
    (665, 690),
    (671, 690),
    (671, 923),
    (676, 689),
    (679, 923),
    (681, 688),
    (687, 687),
    (688, 923),
    (693, 686),
    (697, 923),
    (699, 686),
    (705, 685),
    (706, 923),
    (711, 684),
    (716, 923),
    (718, 683),
    (725, 682),
    (725, 923),
    (732, 681),
    (735, 923),
    (739, 680),
    (744, 923),
    (746, 679),
    (754, 678),
    (754, 923),
    (866, 678),
    (879, 677),
    (904, 680),
    (925, 681)]