0 : (500, 611) 443 1
1 : (502, 610) 442 1
2 : (504, 611) 443 1
3 : (506, 611) 444 1
4 : (508, 611) 444 1
5 : (510, 611) 445 1
6 : (512, 610) 444 1
7 : (514, 611) 446 1
8 : (516, 610) 446 1
9 : (518, 611) 448 1
10 : (519, 611) 449 1
11 : (521, 610) 450 1
12 : (523, 611) 452 1
13 : (525, 610) 453 1
14 : (528, 610) 455 1
15 : (530, 610) 457 1
16 : (532, 610) 459 1
17 : (534, 610) 461 1
18 : (536, 610) 463 1
19 : (538, 610) 466 1
20 : (540, 610) 469 1
21 : (542, 610) 472 1
22 : (544, 610) 474 1
23 : (547, 610) 479 1
24 : (549, 610) 481 1
25 : (551, 610) 485 1
26 : (554, 610) 490 1
27 : (556, 610) 493 1
28 : (558, 610) 497 1
29 : (561, 610) 501 1
30 : (563, 609) 505 1
31 : (566, 610) 511 1
32 : (568, 609) 516 1
33 : (571, 609) 521 1
34 : (574, 609) 528 1
35 : (576, 609) 533 1
36 : (579, 609) 541 1
37 : (582, 609) 546 1
38 : (585, 609) 553 1
39 : (588, 609) 561 1
40 : (591, 609) 567 1
41 : (594, 608) 575 1
42 : (598, 608) 584 1
43 : (602, 610) 599 1
44 : (605, 608) 603 1
45 : (610, 610) 621 1
46 : (614, 610) 634 1
47 : (618, 610) 646 1
48 : (622, 610) 658 1
49 : (626, 610) 669 1
50 : (631, 610) 685 1
51 : (636, 610) 700 1
52 : (641, 610) 714 1
53 : (646, 610) 732 1
54 : (651, 610) 749 1
55 : (657, 610) 768 1
56 : (663, 610) 785 1
57 : (669, 610) 806 1
58 : (676, 610) 828 1
59 : (683, 610) 855 1
60 : (690, 610) 878 1
61 : (698, 610) 905 1
62 : (704, 608) 922 1
63 : (715, 609) 963 1
64 : (723, 609) 992 1
65 : (742, 613) 1069 1
66 : (754, 613) 1111 1
67 : (765, 613) 1153 1
68 : (778, 612) 1200 1
69 : (796, 614) 1269 1
70 : (809, 613) 1317 1
71 : (823, 611) 1368 1
72 : (844, 612) 1447 1
73 : (871, 613) 1551 1
74 : (888, 611) 1615 1
75 : (913, 611) 1712 1
76 : (946, 611) 1840 1
77 : (973, 609) 1941 1
82 : (660, 523) 647 2
83 : (660, 520) 645 2
84 : (661, 517) 647 2
85 : (660, 514) 643 2
86 : (660, 511) 642 2
87 : (661, 508) 644 2
88 : (661, 506) 643 2
89 : (661, 503) 644 2
90 : (661, 500) 644 2
91 : (661, 497) 644 2
92 : (661, 494) 646 2
93 : (662, 492) 647 2
94 : (665, 488) 660 2
95 : (662, 486) 650 2
96 : (662, 483) 651 2
97 : (662, 480) 653 2
98 : (662, 477) 656 2
99 : (663, 474) 659 2
100 : (663, 471) 661 2
101 : (663, 468) 664 2
102 : (663, 465) 668 2
103 : (663, 462) 670 2
104 : (665, 459) 681 2
117 : (612, 443) 503 3
118 : (613, 440) 510 3
119 : (612, 438) 510 3
131 : (662, 359) 858 4
132 : (658, 357) 853 4
133 : (597, 409) 531 5
134 : (593, 410) 517 5
135 : (591, 409) 513 5
136 : (589, 408) 512 5
137 : (585, 409) 497 5
138 : (583, 408) 496 5
139 : (582, 406) 497 5
140 : (580, 404) 500 5
141 : (579, 403) 499 5
142 : (577, 402) 498 5
143 : (576, 399) 504 5
144 : (573, 400) 496 5
150 : (518, 469) 142 6
151 : (518, 468) 147 6
152 : (517, 468) 146 6
153 : (516, 468) 145 6
154 : (516, 468) 144 6
155 : (515, 467) 144 6
156 : (515, 467) 143 6
157 : (514, 467) 142 6
158 : (513, 467) 142 6
159 : (513, 467) 141 6
160 : (512, 467) 141 6
161 : (511, 467) 140 6
162 : (511, 467) 139 6
163 : (510, 467) 137 6
164 : (509, 467) 136 6
165 : (509, 467) 136 6
166 : (508, 466) 140 6
167 : (508, 466) 140 6
168 : (507, 466) 141 6
169 : (507, 466) 140 6
170 : (506, 465) 141 6
173 : (504, 467) 133 6
174 : (503, 467) 133 6
175 : (503, 467) 131 6
176 : (502, 467) 132 6
177 : (502, 467) 133 6
178 : (501, 467) 131 6
188 : (495, 464) 146 6
189 : (494, 464) 147 6
190 : (493, 463) 151 6
191 : (493, 462) 156 6
196 : (489, 462) 159 6
199 : (483, 449) 214 6
200 : (483, 452) 203 6
214 : (434, 403) 470 7
215 : (366, 309) 935 8
216 : (364, 312) 928 8
217 : (359, 313) 937 8
218 : (354, 314) 946 8
219 : (349, 314) 957 8
220 : (343, 313) 974 8
221 : (340, 315) 978 8
222 : (336, 318) 978 8
223 : (333, 321) 978 8
224 : (322, 315) 1026 8
225 : (311, 311) 1067 8
226 : (310, 316) 1057 8
227 : (310, 323) 1041 8
228 : (310, 329) 1023 8
229 : (308, 333) 1018 8
230 : (307, 338) 1009 8
231 : (307, 344) 992 8
232 : (307, 349) 979 8
233 : (310, 357) 951 8
234 : (309, 361) 946 8
235 : (310, 367) 927 8
236 : (310, 372) 919 8
237 : (309, 376) 913 8
238 : (309, 380) 903 8
239 : (309, 385) 892 9
240 : (309, 390) 882 9
241 : (309, 394) 873 9
242 : (310, 399) 861 9
243 : (310, 403) 855 9
244 : (309, 407) 849 9
245 : (310, 411) 840 9
246 : (310, 415) 832 9
247 : (310, 419) 827 9
248 : (312, 424) 813 9
249 : (310, 427) 813 9
250 : (310, 431) 809 9
251 : (312, 435) 795 9
252 : (311, 439) 796 9
253 : (311, 442) 792 9
254 : (311, 446) 788 9
255 : (311, 449) 783 9
256 : (311, 453) 781 9
257 : (311, 456) 777 9
258 : (311, 460) 772 9
259 : (311, 463) 771 9
260 : (311, 467) 769 9
261 : (311, 470) 766 9
262 : (311, 473) 764 9
263 : (311, 477) 762 9
264 : (311, 480) 759 9
265 : (311, 484) 757 9
266 : (312, 487) 755 9
267 : (312, 490) 755 9
268 : (311, 493) 755 10
269 : (311, 497) 756 10
270 : (311, 500) 755 10
271 : (312, 503) 754 10
272 : (312, 507) 754 10
273 : (311, 510) 756 10
274 : (311, 513) 756 10
275 : (311, 516) 757 10
276 : (311, 520) 759 10
277 : (312, 523) 759 10
278 : (312, 526) 760 10
279 : (311, 530) 764 10
280 : (311, 533) 766 10
281 : (312, 537) 768 10
282 : (311, 540) 771 10
283 : (312, 543) 773 10
284 : (312, 547) 776 10
285 : (312, 550) 780 10
286 : (312, 554) 784 10
287 : (312, 558) 788 10
288 : (312, 561) 790 10
289 : (312, 565) 796 10
290 : (312, 569) 802 10
291 : (312, 572) 806 10
292 : (361, 556) 599 11
293 : (363, 558) 596 11
294 : (363, 561) 599 11
295 : (308, 590) 849 12
296 : (311, 592) 839 12
297 : (312, 596) 844 12
298 : (311, 600) 854 12
299 : (310, 605) 870 12
300 : (319, 604) 836 12
301 : (326, 604) 811 12
302 : (334, 604) 785 12
303 : (340, 604) 764 12
304 : (346, 604) 742 12
305 : (352, 604) 724 12
306 : (358, 603) 704 12
307 : (363, 603) 684 12
308 : (368, 603) 670 12
309 : (373, 603) 655 12
310 : (377, 603) 640 12
311 : (382, 603) 626 12
312 : (386, 602) 611 12
313 : (391, 602) 598 12
314 : (394, 602) 587 12
315 : (397, 603) 583 12
316 : (399, 605) 583 12
317 : (399, 608) 590 12
318 : (402, 609) 585 12
319 : (406, 609) 576 12
320 : (407, 611) 577 12
321 : (411, 610) 567 12
322 : (414, 610) 559 12
323 : (417, 610) 553 12
324 : (420, 610) 545 12
325 : (423, 610) 539 12
326 : (426, 610) 532 12
327 : (428, 611) 530 12
328 : (431, 610) 521 12
329 : (433, 611) 518 12
330 : (436, 611) 513 12
331 : (438, 611) 509 12
332 : (441, 611) 503 12
333 : (443, 611) 499 12
334 : (446, 611) 495 12
335 : (448, 611) 490 12
336 : (450, 611) 487 12
337 : (453, 611) 483 12
338 : (455, 611) 480 12
339 : (457, 611) 476 12
340 : (459, 611) 474 12
341 : (462, 611) 470 12
342 : (464, 611) 466 12
343 : (466, 611) 465 12
344 : (468, 611) 462 12
345 : (470, 611) 459 12
346 : (472, 611) 457 12
347 : (474, 611) 456 12
348 : (476, 611) 453 12
349 : (478, 611) 452 12
350 : (480, 611) 450 12
351 : (482, 611) 448 12
352 : (484, 611) 447 12
353 : (486, 611) 447 12
354 : (488, 611) 445 12
355 : (490, 611) 444 12
356 : (492, 611) 444 12
357 : (494, 611) 444 12
358 : (496, 611) 443 12
359 : (498, 611) 443 12